time,x,y,z,phi,theta,psi,x_velocity,y_velocity,z_velocity,phi_velocity,theta_velocity,psi_velocity,rotor_speed1,rotor_speed2,rotor_speed3,rotor_speed4
0.06,1.10873594691e-07,-5.05500873784e-08,10.0077912336,6.28312536097,6.2829429301,0.0,1.69651069965e-05,-5.35229898053e-06,0.259684324152,-0.00307636000583,-0.0136785755075,0.0,485.3524740342917,484.32503873066764,485.13463089171734,484.9036490713671
0.12000000000000001,1.03496121935e-05,-2.65847761805e-06,10.0289571872,6.28276438888,6.28178640747,0.0,0.000433863445421,-0.000111998469773,0.445792665566,-0.0126618088923,-0.0338628543631,0.0,464.27569976117917,462.68961792820687,463.91709636387037,463.16405994953914
0.18,7.50288680865e-05,-2.16634372841e-05,10.0598403432,6.28166235348,6.27979893007,0.0,0.00193820570714,-0.000617795333316,0.583584521579,-0.0333403975557,-0.0316878763393,0.0,448.5738189945728,448.74995837436694,450.09791316739404,448.42152620861776
0.23999999999999996,0.000283166706329,-0.000105276306748,10.1017372917,6.27935960111,6.27765102368,0.0,0.00524251660654,-0.00242651533902,0.812843886689,-0.051074715656,-0.0456395303311,0.0,477.7111283940784,476.64573230175085,476.5739222714824,475.21598750982014
0.3,0.000738240168195,-0.000353057611938,10.1561268758,6.27636414115,6.27501454252,0.0,0.0102342917493,-0.00618026187547,0.999993391086,-0.0477182342023,-0.040745557917,0.0,464.8879811883128,465.270241875605,463.64354433873547,463.9056854762819
0.36000000000000004,0.00153831007664,-0.000882438053792,10.2200280813,6.27338449117,6.27241418318,0.0,0.0167015324965,-0.0117754416235,1.1299221475,-0.0538588170914,-0.049107950832,0.0,447.3240898044704,446.64162583463036,447.92467889357766,447.4235504253212
0.4200000000000001,0.00277916812374,-0.00180845524212,10.2912975706,6.27040924757,6.26981829226,0.0,0.0249460576371,-0.0194130819459,1.24560126767,-0.0421832807817,-0.0335887830722,0.0,442.16875724257704,443.44415800105304,443.036369299211,443.99361133269053
0.48000000000000015,0.00457766463496,-0.00326333129917,10.3703321909,6.2684258991,6.26742421054,0.0,0.0352355042951,-0.029320451619,1.38871614066,-0.0192043909539,-0.0571471628479,0.0,453.0892367031227,451.1905214629628,450.8467727547362,452.69886244940363
0.5400000000000001,0.00700899189926,-0.00531209626168,10.4553359555,6.26732867316,6.26368769427,0.0,0.0461470619501,-0.0390779461862,1.44466555717,-0.0165130096793,-0.0752595974361,0.0,424.20981889288015,422.6486392160974,425.8311435562446,426.06133211095965
0.6000000000000002,0.0102152314124,-0.00800166376066,10.545863179,6.26644282983,6.25912140148,0.0,0.0612061350432,-0.0506708762168,1.57272847008,-0.0114775756014,-0.0778503667349,0.0,447.82288856484007,447.6075916487427,447.7797344115765,448.1892463020956
0.6600000000000003,0.0144945216162,-0.0114522985601,10.6469174452,6.26609347131,6.25465062301,0.0,0.0819770944157,-0.0644047730633,1.79540816049,0.00359454906024,-0.0685608426283,0.0,476.9090024837745,477.6139954071128,475.5783371817625,476.73137437341376
0.7200000000000003,0.019868358421,-0.0155815003889,10.7525152893,6.26631049131,6.25020462084,0.0,0.0974797580605,-0.0732205336075,1.72461937205,0.00366186624596,-0.0884756125573,0.0,383.17918501499196,381.27589449938813,382.545694373259,382.55203619927704
0.7800000000000004,0.0263817685075,-0.0203041892394,10.8578957028,6.26618966799,6.24492232128,0.0,0.120141782174,-0.0841924795647,1.78794448408,-0.0168830835149,-0.0871783779079,0.0,427.49782520836726,427.60156554381166,429.77742371037965,428.0327060072678
0.8400000000000004,0.0344336200391,-0.0257239324867,10.9689982141,6.26595463286,6.23938632379,0.0,0.148812852495,-0.0965196087718,1.91524133263,0.0140441930473,-0.105115455422,0.0,449.8584061164179,448.39644555562535,447.2152986168258,449.7272123930095
0.9000000000000005,0.0443542583445,-0.0318916050335,11.0882977,6.26689761832,6.2327388966,0.0,0.182564043754,-0.10896756509,2.06112219633,0.0188669184947,-0.125637798326,0.0,456.31199918813206,454.6600355087913,454.3792336577056,454.7655734426317
0.9600000000000005,0.0565194752938,-0.0388054669183,11.2176653086,6.26762716127,6.22560040885,0.0,0.223766891724,-0.121374826873,2.25072932211,-0.00670694302566,-0.108195408691,0.0,468.7155471871956,470.0569668907057,469.2809754152993,467.2916815394258
1.0200000000000005,0.0710485258871,-0.0463811669779,11.3537991047,6.26745185627,6.21925105644,0.0,0.261123377546,-0.131172935454,2.28695000066,0.00373963277428,-0.10145882627,0.0,421.0292879040575,421.60120578173485,421.54079338420917,422.44257906319285
1.0800000000000005,0.0882966610529,-0.0546328061491,11.4976251766,6.26733551634,6.21309382559,0.0,0.314515766231,-0.14386332348,2.506739078,-0.0168193703242,-0.105049366125,0.0,478.64199135202904,478.36033616195306,479.8954417637235,478.33246070434114
1.1400000000000006,0.108500804762,-0.063564278217,11.6490572423,6.26675784305,6.20655869028,0.0,0.359538999233,-0.153921190096,2.54086739899,0.00185035746409,-0.11806125676,0.0,422.8814417507128,421.74785432848165,421.60159394678004,423.2116691091929
1.2000000000000006,0.131496261444,-0.0730992769422,11.8020856891,6.26686421049,6.19940076084,0.0,0.407611097898,-0.163901054347,2.55997604262,0.00161719261972,-0.121893873474,0.0,417.19633648600865,416.8477124316794,418.31167751645023,418.2913353256438
1.2600000000000007,0.157898882464,-0.0833061430391,11.9608481955,6.26665838582,6.19243474901,0.0,0.47324021229,-0.17632359688,2.73162636228,-0.0161597853593,-0.106497860442,0.0,465.6786270772676,466.86985124466264,466.7759735994766,465.38669684570965
1.3200000000000007,0.188481320925,-0.0942831840787,12.130840073,6.26559930527,6.18588595016,0.0,0.546880224167,-0.189686854288,2.93417674111,-0.0208148498195,-0.115048496539,0.0,476.3302329457587,475.66619976278355,476.8707959184072,476.5151734976336
1.3800000000000008,0.223505860808,-0.106064183318,12.3116234441,6.26432069585,6.17853399145,0.0,0.621336069092,-0.203143808337,3.09141650441,-0.0223195451973,-0.144913107874,0.0,464.24011906615675,461.8772080962077,465.14101790308627,465.02318720462995
1.4400000000000008,0.262579878823,-0.118575836451,12.4963027714,6.26293183276,6.17017603876,0.0,0.681840049675,-0.214024621073,3.06453010876,-0.0248575407194,-0.129949032535,0.0,404.8613773597604,406.18533147308244,406.2772216991907,406.0494906397174
1.5000000000000009,0.305614933397,-0.131798622653,12.6810427072,6.2610331404,6.1630212088,0.0,0.753321731559,-0.226881352548,3.09327795093,-0.0508429151475,-0.103632259324,0.0,423.51111582280225,425.75466949744106,425.93737854273854,423.70862001856
1.560000000000001,0.353414259026,-0.145897923963,12.8703539805,6.25817701813,6.15696800515,0.0,0.840581191295,-0.243395787467,3.21663193324,-0.0418032477421,-0.0958982782652,0.0,455.1343787601986,455.74440081133093,454.91439938575246,455.63634368947135
1.620000000000001,0.406421424723,-0.161016174678,13.0658482151,6.25575940088,6.1510068526,0.0,0.92686034089,-0.260782074087,3.29948296104,-0.037434215144,-0.107347331506,0.0,443.9942116932215,443.04525814847483,443.63661071916385,443.99437138568896
1.680000000000001,0.464640377036,-0.177207246303,13.2656608714,6.25367672366,6.14477721281,0.0,1.01433888981,-0.279120166274,3.36062580874,-0.029757633566,-0.0975866888098,0.0,436.70237792648874,437.5061794581201,437.61447908387106,438.25249103685337
1.740000000000001,0.527928832586,-0.194472531658,13.4670146492,6.25323782399,6.13877335588,0.0,1.09576872485,-0.296466693509,3.35107695244,0.0183127774148,-0.105542679462,0.0,416.0617558535597,415.35513076150977,411.8065688433171,416.0370989627564
1.8000000000000012,0.596561856127,-0.212850905372,13.6702070619,6.25422828855,6.13247245785,0.0,1.19256084231,-0.316034651874,3.42165001833,0.0126286323394,-0.103980751787,0.0,442.1761131686481,442.2950797781167,440.88031302327,440.41031837059455
1.8600000000000012,0.670848277834,-0.232332762393,13.8758200339,6.25524365755,6.12575982146,0.0,1.28418872004,-0.333277742852,3.43194485131,0.0243632273727,-0.13641853503,0.0,424.1260207237825,421.31803689188,421.78680600387565,422.79902634720355
1.9200000000000013,0.750672983999,-0.252814354714,14.0815161006,6.2567971456,6.11786057688,0.0,1.3773006184,-0.349310068114,3.42444444243,0.0287846248099,-0.123520793525,0.0,416.4156808250984,417.5251888369915,416.7100168715379,417.09653684696787
1.9800000000000013,0.837540450942,-0.274435164522,14.2946114617,6.25818229198,6.11035602363,0.0,1.51903805688,-0.371160246758,3.67769205795,0.00813648463541,-0.128379514175,0.0,497.9714586673491,497.60349835831204,498.953007799697,497.44322121169455
2.0400000000000014,0.932837707568,-0.297300285539,14.521391546,6.25884109955,6.10294336566,0.0,1.65825718859,-0.390921121391,3.88070340889,0.0161343726812,-0.115306782146,0.0,485.75600434134384,486.7228784263247,484.6292237491315,485.2299060067861
2.1000000000000014,1.03577292068,-0.321216800028,14.755512869,6.25993313066,6.09569785943,0.0,1.77350142822,-0.406193011039,3.92298050711,0.0220417303973,-0.13482275744,0.0,439.2314124543739,437.59606207603287,437.4772305302765,437.9688208808247
2.1600000000000015,1.14572355055,-0.346023616658,14.9919658375,6.26112307255,6.08763587216,0.0,1.89219013306,-0.420578229462,3.95841431782,0.0150009175004,-0.133470094253,0.0,437.0363167447071,437.1320768533143,436.53800285880726,435.9500098904661
2.2200000000000015,1.26417488028,-0.37180492555,15.2367061355,6.26355569155,6.07910297352,0.0,2.05694613772,-0.438541898541,4.198375517,0.0681140306695,-0.17212613905,0.0,500.89444629381114,498.0574959805908,498.07928020644863,501.94938249189545
2.2800000000000016,1.39213153674,-0.398537760409,15.4929463781,6.26716846982,6.06851598228,0.0,2.20922371987,-0.452112135087,4.34202364939,0.0356220625043,-0.18690209382,0.0,473.7845910114404,472.6188889959698,476.01165005491066,473.5205521774444
2.3400000000000016,1.52849126441,-0.425945017851,15.7533853412,6.26942423112,6.05733573391,0.0,2.33700264485,-0.461269836127,4.33892012298,0.0412765766467,-0.185233189609,0.0,429.4215989137896,429.52813753408714,429.25911270931175,429.7394686422441
2.4000000000000017,1.67260266936,-0.453854772606,16.0131549494,6.27238208609,6.04706425964,0.0,2.46754077511,-0.468822614022,4.31977644885,0.0618185277747,-0.152221176665,0.0,422.899361906111,425.7030109718479,424.61650031191,426.3769013639502
2.4600000000000017,1.82496389695,-0.482174828553,16.272799298,6.2760159751,6.03830386936,0.0,2.61185364669,-0.474850672834,4.33461598767,0.0579327253516,-0.135829515578,0.0,436.4975201345139,437.84293062609913,436.7434324820603,436.4218452639514
2.520000000000002,1.98779593999,-0.510835251583,16.5399296654,6.279538494,6.03014672477,0.0,2.81651050274,-0.480065360524,4.56829365582,0.0602163943412,-0.136199063678,0.0,505.2169850522079,505.17569313330705,504.39960102385226,504.56646570838916
2.580000000000002,2.16257731199,-0.539715656002,16.8190388426,6.28289680466,6.02148352497,0.0,3.01014616675,-0.482223731517,4.73414838572,0.0457402145011,-0.17059024008,0.0,489.52417068859387,486.9395522483381,488.16057143726823,487.0808072884292
2.640000000000002,2.34911191078,-0.568653607162,17.1078401627,0.00251882056068,6.0117548937,0.0,3.2084360068,-0.482071332574,4.89128098224,0.0488067159288,-0.149114077104,0.0,487.0294389159387,488.61045444056026,487.7300176889504,487.9601104019964
2.700000000000002,2.54776657697,-0.597518571725,17.4060998212,0.00595388519673,6.00315400622,0.0,3.4139833099,-0.479745506997,5.04940217923,0.0702885259055,-0.133786187885,0.0,490.29895608332913,491.41938134365256,489.68934229535273,491.286789027487
2.760000000000002,2.7561566417,-0.626227431062,17.704215607,0.0105361031304,5.99467157234,0.0,3.53293896156,-0.476937330802,4.88819210156,0.0863719048002,-0.16426761909,0.0,388.61642586020537,385.72509721148,386.76960365209874,388.28722177450027
2.820000000000002,2.97277074679,-0.654670138368,17.9959465457,0.0156343771498,5.98458872261,0.0,3.68822124866,-0.470751581664,4.83590527595,0.0820135328118,-0.176931849993,0.0,426.77797423293737,425.6668961080604,425.39243753464876,425.02526468002196
2.880000000000002,3.20038171069,-0.682580049036,18.28944104,0.0201645024935,5.97370487549,0.0,3.89955099168,-0.459108511526,4.94601830916,0.0574674305648,-0.192274763038,0.0,479.2523778805438,478.05506101726894,480.4437160969532,478.58259505598204
2.940000000000002,3.43999481341,-0.709761195899,18.5867136598,0.0236913519795,5.96329280894,0.0,4.08827500147,-0.446634251441,4.96231490102,0.0612850682442,-0.150581492569,0.0,450.8293268131932,454.15616858246227,451.4031362336203,451.71350936558844
3.000000000000002,3.6918251247,-0.73607705717,18.8871091468,0.0273180797383,5.95390450274,0.0,4.30658726262,-0.430224334734,5.04973465169,0.0587118275166,-0.172087968868,0.0,477.2631480861945,475.596719739907,476.1606512835953,475.9660418764459
3.0600000000000023,3.95794114261,-0.761254159548,19.1956398806,0.0303353927905,5.94328692705,0.0,4.56452577045,-0.408678240968,5.23279145708,0.0225555873923,-0.189096903286,0.0,508.0990516322526,506.8517377385087,508.85239276733046,506.258138642313
3.1200000000000023,4.23730670353,-0.785291209935,19.5081829362,0.0314215475647,5.93184230736,0.0,4.74837170622,-0.392470885139,5.18479131439,0.00724332295585,-0.194253207387,0.0,438.38607731715746,437.9212706415849,439.6967569092042,438.4260156362897
3.1800000000000024,4.52801300986,-0.808328680432,19.8181875768,0.0326156756976,5.91988418951,0.0,4.94255326355,-0.375389370108,5.14805144486,0.0375595714907,-0.212005714022,0.0,444.197627215955,442.6996445697067,442.61937273777977,445.1079456464227
3.2400000000000024,4.83249697199,-0.830148049356,20.1310164473,0.0361076938749,5.90750404178,0.0,5.20759832883,-0.351659299048,5.27776024381,0.0825802449352,-0.196912018342,0.0,497.78025895436735,498.84677743552214,496.709655274611,500.00266641402555
3.3000000000000025,5.15281127838,-0.850491698621,20.4507558465,0.040678368284,5.89574016609,0.0,5.47011188214,-0.326034512092,5.37854289248,0.0585835907238,-0.194424065049,0.0,493.95130810345887,494.1014681822888,493.29192902464115,491.5201349197165
3.3600000000000025,5.48965011551,-0.869155378043,20.7778184695,0.0445100268632,5.88439144173,0.0,5.75828931861,-0.295772327442,5.52150199048,0.0727411071953,-0.180272071841,0.0,508.6722984079757,509.6549799966459,509.2437717166459,510.2580504124341
3.4200000000000026,5.84327036197,-0.88599683364,21.1116608864,0.0491709643686,5.87345473113,0.0,6.02942514859,-0.265234899617,5.60490002112,0.0860773258726,-0.186620818622,0.0,495.1549243764641,494.6590390672295,495.5492450925944,496.53288730957706
3.4800000000000026,6.21190544676,-0.901078474117,21.4471276433,0.0542771977372,5.86202856961,0.0,6.2589091358,-0.23710773361,5.57637035226,0.0830836534904,-0.199417329999,0.0,464.128611174485,463.0890339162924,462.91149532880365,462.68142218489106
3.5400000000000027,6.59187392297,-0.914708343281,21.7750618995,0.0591565711591,5.85077815308,0.0,6.40743689668,-0.216926939547,5.35519567982,0.0775483882233,-0.170625218944,0.0,395.28794846805965,397.8935846240685,396.02916187787,395.52573723192444
3.6000000000000028,6.98334918644,-0.926750427689,22.0950987561,0.0643811544556,5.8410616641,0.0,6.64207093259,-0.18412132047,5.3118538489,0.101386386342,-0.148626739249,0.0,459.0203417973523,460.73887414827857,458.67738207948395,460.5729605697855
3.660000000000003,7.38828268464,-0.936838399816,22.4109459671,0.0704585969131,5.8316543177,0.0,6.85603604139,-0.151726954742,5.21594177534,0.101098816287,-0.182835356401,0.0,445.2071565342662,442.37393213578486,443.1231769958366,443.10843662884093
3.720000000000003,7.80555233287,-0.944983845852,22.719759607,0.0763150419336,5.82066590565,0.0,7.05345171531,-0.119405217043,5.07757031895,0.0895117773143,-0.183756006456,0.0,429.5138120606497,429.40193230119803,429.8495789020097,428.87467664976464
3.780000000000003,8.23613126919,-0.950905576551,23.0229294853,0.0812655930472,5.80978932155,0.0,7.29948632633,-0.0776401557198,5.02710818601,0.0623814344159,-0.1767350937,0.0,460.7215182903392,461.24593526689824,462.69137454582756,460.5548790420985
3.840000000000003,8.68038935721,-0.95444176965,23.3206669475,0.0856745609553,5.79937006093,0.0,7.50949997882,-0.0399766495445,4.8970881557,0.089532503166,-0.16811975444,0.0,435.19538142688054,435.88642340852243,434.1158123064262,436.39296348201464
3.900000000000003,9.13645205213,-0.955801458377,23.608884666,0.091461500779,5.78896783811,0.0,7.69304004917,-0.00500301900294,4.71020067665,0.107563509377,-0.18674394503,0.0,416.25136230967416,414.5860852771769,413.73170679129595,415.3252747856345
3.960000000000003,9.60521295066,-0.954717220684,23.8888175814,0.0981240147063,5.77835869824,0.0,7.93257374086,0.0415620757917,4.62009342721,0.117216437442,-0.162067955356,0.0,449.9756162334217,451.9391919895874,450.631979062657,451.422504290547
4.020000000000002,10.0867934442,-0.951036629268,24.1603307715,0.105050300618,5.76914150908,0.0,8.12045915941,0.0815483378545,4.43037539433,0.111624323391,-0.140587232748,0.0,414.739842463786,416.5984326400863,415.8841128978173,415.40674372449814
4.080000000000001,10.5812716787,-0.944579670517,24.4232087606,0.111886405181,5.7605921326,0.0,8.36217110204,0.134116521451,4.33158409031,0.118192989006,-0.146589917089,0.0,450.54460249143347,450.0401929421625,448.96929693856487,449.5134746753174
4.14,11.0905852705,-0.934815758972,24.6805916638,0.118799299965,5.75154722648,0.0,8.61492066742,0.191788381898,4.24702593032,0.10847832603,-0.160716717871,0.0,457.2070510686513,456.05886254687596,456.77917453441955,456.0149825899229
4.199999999999998,11.6138474137,-0.921752269571,24.930691607,0.125455653804,5.7416846336,0.0,8.82733793352,0.24405229038,4.08930349295,0.115451645413,-0.172927522934,0.0,432.71078781523687,431.65446170139546,430.4383914170172,431.0396159374147
4.259999999999997,12.154166988,-0.904578843134,25.1782733007,0.132224920577,5.73094232673,0.0,9.1828659467,0.328783022341,4.16109506337,0.106964942256,-0.195473789414,0.0,514.387687280953,512.7613866177645,512.878712414865,512.2848580150221
4.319999999999996,12.7129428783,-0.882848923478,25.4252191401,0.138677700394,5.71916524492,0.0,9.44303038329,0.395879445238,4.06928803,0.108683506171,-0.1979550809,0.0,462.09163443920323,461.85987395150505,462.75876028393935,462.90371815284243
4.379999999999995,13.2862181659,-0.857271142529,25.6646872528,0.145266973428,5.70751431055,0.0,9.6663168063,0.457053976719,3.91234501914,0.112002861215,-0.187550139476,0.0,440.3160499860989,441.1390884494083,440.9937294612183,441.2786680981927
4.439999999999993,13.8739845199,-0.827714873461,25.8962275625,0.151555998202,5.69643384048,0.0,9.92581800996,0.528476727688,3.80459510012,0.0838613292505,-0.179474987476,0.0,460.48233124270774,461.0891213691555,462.51190531570865,460.29818648893746
4.499999999999992,14.4754898096,-0.794229041116,26.1184100826,0.156177159978,5.68543156974,0.0,10.1245428258,0.58796790589,3.60125583946,0.0575971750275,-0.192581542758,0.0,426.82445575555477,425.66957833154225,428.4984418532869,426.2636999580831
4.559999999999991,15.0909397891,-0.756677840171,26.3312048496,0.159356012588,5.67369460538,0.0,10.3903014753,0.663797292477,3.49075309415,0.0416267656545,-0.202492836338,0.0,463.8181088547205,463.00297597628355,464.5101482339027,463.25726974558796
4.6199999999999894,15.7226104089,-0.714501242719,26.5375659098,0.16207795518,5.66136739792,0.0,10.6651757721,0.742065480072,3.38663571312,0.0519529230345,-0.212138912351,0.0,468.74101613077863,467.95128057837445,469.23331520103795,470.03560530787496
4.679999999999988,16.3702983136,-0.667728765386,26.7368187684,0.165043428459,5.64865266851,0.0,10.9242771138,0.81702991327,3.25396444081,0.043818234569,-0.211463258567,0.0,461.14264684667717,461.15355398319537,462.3119208243731,461.67168323363205
4.739999999999987,17.0322050136,-0.616747020476,26.9261515324,0.167378902759,5.63639136162,0.0,11.1393217887,0.882404888069,3.0565590067,0.0266973632286,-0.193000768607,0.0,438.2908147024266,439.78129711556176,439.6516463665647,438.2309639222021
4.799999999999986,17.7072074942,-0.561795018115,27.1037801393,0.16965493149,5.62510723292,0.0,11.3606825992,0.949341240496,2.86384373555,0.0541309094369,-0.179694474904,0.0,442.2212709064432,443.28176561008445,440.78138850372926,443.0443227570089
4.859999999999984,18.3953130507,-0.502851933964,27.2695377442,0.172858089808,5.61437816547,0.0,11.5760585207,1.01552440858,2.66096908603,0.0518534548991,-0.177122140718,0.0,438.8311273507048,439.0133881398273,440.38755989771926,440.20095862187304
4.919999999999983,19.0950117784,-0.440202898124,27.4214156549,0.175787612524,5.6033806398,0.0,11.7473586467,1.07292007149,2.4017002484,0.0419549959215,-0.199951421396,0.0,418.01067797582886,415.9798909013415,416.87895481418275,416.01435339154165
4.979999999999982,19.8077114241,-0.373502809888,27.5610128867,0.178076280088,5.59186234626,0.0,12.0088660837,1.15035753974,2.25045404539,0.0291614839356,-0.179514555778,0.0,461.49847191080056,463.07466815992797,462.6130445165061,461.60478304310465
5.0399999999999805,20.5356198184,-0.302253614814,27.6908659569,0.179859856211,5.5807490901,0.0,12.2543331448,1.22454904339,2.07716345699,0.0308323835035,-0.200166206265,0.0,457.0859185061621,455.4036107267015,455.7090093988457,455.84285517547295
